Solid Composition:
index Pressure Temperature mass SiO2 TiO2 Al2O3 Fe2O3 Cr2O3 FeO MnO MgO NiO CoO CaO Na2O K2O P2O5 H2O CO2 
1 250.00 1190.61 0.144700 48.3204 0 33.1934 0 0 0 0 0 0 0 16.11 2.36525 0.0109287 0 0 0
2 250.00 1189.61 0.354099 48.3521 0 33.1721 0 0 0 0 0 0 0 16.085 2.37981 0.0110406 0 0 0
3 250.00 1188.61 1.510447 45.1412 0 21.1137 0 0 6.02101 0.118934 15.5955 0.0550407 0 10.4207 1.52681 0.007147 0 0 0
4 250.00 1187.61 0.849279 45.864 0 23.7042 0 0 4.74461 0.0940416 12.1937 0.0420456 0 11.6227 1.72651 0.00813174 0 0 0
5 250.00 1186.61 0.832411 45.8793 0 23.6745 0 0 4.77948 0.095051 12.188 0.041068 0 11.5978 1.73667 0.00822952 0 0 0
6 250.00 1185.61 0.816042 45.8943 0 23.6446 0 0 4.81454 0.0960639 12.1824 0.0401213 0 11.5729 1.74675 0.00832731 0 0 0
7 250.00 1184.61 0.800154 45.9092 0 23.6147 0 0 4.84977 0.0970803 12.1769 0.0392043 0 11.548 1.75675 0.00842508 0 0 0
8 250.00 1183.61 0.784729 45.9238 0 23.5846 0 0 4.88519 0.0981003 12.1716 0.0383157 0 11.5231 1.76669 0.00852284 0 0 0
9 250.00 1182.61 3.134602 51.2017 0.156444 12.4697 0.523048 0 3.93559 0 12.112 0 0 18.7488 0.849075 0.00370374 0 0 0
10 250.00 1181.61 1.263155 50.8237 0.133456 15.6613 0.442143 0 3.36141 0 10.2271 0 0 18.2244 1.12138 0.00513864 0 0 0
11 250.00 1180.61 1.231382 50.8429 0.134816 15.6577 0.442731 0 3.4015 0 10.2307 0 0 18.151 1.13344 0.00523291 0 0 0
12 250.00 1179.61 1.201034 50.8622 0.136133 15.6541 0.44328 0 3.44247 0 10.2348 0 0 18.0762 1.14553 0.00532808 0 0 0
13 250.00 1178.61 1.172043 50.8817 0.137406 15.6505 0.443787 0 3.48437 0 10.2395 0 0 17.9997 1.15765 0.00542418 0 0 0
14 250.00 1177.61 1.144345 50.9013 0.13863 15.6469 0.44425 0 3.52729 0 10.2447 0 0 17.9215 1.1698 0.00552123 0 0 0
15 250.00 1176.61 1.642906 46.1139 0.030034 18.3421 0.0945232 0 6.79446 0.130617 15.8531 0.0463941 0 11.1145 1.47295 0.00743711 0 0 0
16 250.00 1175.61 1.165262 49.6829 0.116085 16.2988 0.361876 0 4.41834 0.0340976 11.6148 0.011897 0 16.191 1.26402 0.00617384 0 0 0
17 250.00 1174.61 1.133345 49.6976 0.11761 16.2948 0.363218 0 4.45898 0.0346405 11.59 0.0118748 0 16.1487 1.27634 0.00627887 0 0 0
18 250.00 1173.61 1.102763 49.7123 0.119127 16.2907 0.364553 0 4.49977 0.0351852 11.5651 0.0118524 0 16.1063 1.28866 0.00638444 0 0 0
19 250.00 1172.61 1.073442 49.7271 0.120639 16.2867 0.36588 0 4.54072 0.0357317 11.5402 0.0118299 0 16.0638 1.30099 0.00649056 0 0 0
20 250.00 1171.61 1.045315 49.7418 0.122142 16.2827 0.3672 0 4.58183 0.03628 11.5152 0.0118072 0 16.0212 1.31331 0.00659722 0 0 0
21 250.00 1170.61 1.018315 49.7566 0.123639 16.2787 0.368514 0 4.62311 0.0368298 11.4901 0.0117843 0 15.9784 1.32562 0.00670442 0 0 0
22 250.00 1169.61 0.992388 49.7714 0.125128 16.2746 0.36982 0 4.66456 0.0373813 11.465 0.0117611 0 15.9356 1.33794 0.00681218 0 0 0
23 250.00 1168.61 0.967475 49.7862 0.126608 16.2706 0.371121 0 4.70619 0.037934 11.4399 0.0117376 0 15.8926 1.35026 0.00692048 0 0 0
24 250.00 1167.61 0.943525 49.801 0.12808 16.2665 0.372416 0 4.748 0.038488 11.4147 0.0117138 0 15.8495 1.36258 0.00702932 0 0 0
25 250.00 1166.61 0.920490 49.8158 0.129543 16.2624 0.373706 0 4.79 0.0390431 11.3894 0.0116896 0 15.8063 1.37489 0.00713872 0 0 0
26 250.00 1165.61 0.898325 49.8307 0.130997 16.2583 0.37499 0 4.83219 0.0395991 11.3641 0.011665 0 15.763 1.3872 0.00724867 0 0 0
27 250.00 1164.61 0.876985 49.8457 0.132441 16.2541 0.376269 0 4.87458 0.0401558 11.3387 0.0116399 0 15.7195 1.39952 0.00735916 0 0 0
28 250.00 1163.61 0.856432 49.8607 0.133875 16.25 0.377544 0 4.91718 0.0407129 11.3132 0.0116144 0 15.6759 1.41182 0.00747021 0 0 0
29 250.00 1162.61 0.836628 49.8757 0.135298 16.2458 0.378814 0 4.95998 0.0412702 11.2877 0.0115883 0 15.6321 1.42413 0.0075818 0 0 0
30 250.00 1161.61 0.817538 49.8908 0.136711 16.2416 0.380081 0 5.003 0.0418275 11.2621 0.0115616 0 15.5882 1.43643 0.00769395 0 0 0
31 250.00 1160.61 0.799127 49.906 0.138111 16.2373 0.381344 0 5.04623 0.0423843 11.2364 0.0115343 0 15.5441 1.44873 0.00780664 0 0 0
32 250.00 1159.61 0.781365 49.9213 0.1395 16.233 0.382603 0 5.08969 0.0429404 11.2107 0.0115062 0 15.4999 1.46103 0.00791989 0 0 0
33 250.00 1158.61 0.764222 49.9366 0.140876 16.2286 0.38386 0 5.13338 0.0434954 11.1848 0.0114774 0 15.4554 1.47332 0.00803368 0 0 0
34 250.00 1157.61 0.747671 49.9521 0.142239 16.2243 0.385114 0 5.1773 0.0440487 11.1589 0.0114476 0 15.4109 1.4856 0.00814802 0 0 0
35 250.00 1156.61 0.731685 49.9676 0.143588 16.2198 0.386365 0 5.22146 0.0445999 11.1329 0.0114169 0 15.3661 1.49788 0.00826291 0 0 0
36 250.00 1155.61 0.716239 49.9833 0.144922 16.2153 0.387616 0 5.26585 0.0451484 11.1068 0.0113851 0 15.3211 1.51015 0.00837834 0 0 0
37 250.00 1154.61 0.701310 49.9991 0.146241 16.2107 0.388865 0 5.3105 0.0456935 11.0806 0.0113522 0 15.276 1.52241 0.00849431 0 0 0
38 250.00 1153.61 0.686877 50.0151 0.147545 16.2061 0.390113 0 5.35539 0.0462346 11.0542 0.011318 0 15.2307 1.53467 0.00861081 0 0 0
39 250.00 1152.61 0.672917 50.0313 0.148831 16.2014 0.391361 0 5.40054 0.0467707 11.0278 0.0112824 0 15.1851 1.54691 0.00872785 0 0 0
40 250.00 1151.61 0.659413 50.0476 0.1501 16.1966 0.39261 0 5.44595 0.0473009 11.0013 0.0112452 0 15.1393 1.55914 0.00884542 0 0 0
41 250.00 1150.61 0.646344 50.0642 0.15135 16.1918 0.39386 0 5.49161 0.0478243 10.9746 0.0112063 0 15.0933 1.57136 0.00896351 0 0 0
42 250.00 1149.61 0.633694 50.081 0.15258 16.1868 0.395113 0 5.53754 0.0483394 10.9478 0.0111655 0 15.0471 1.58356 0.00908213 0 0 0
43 250.00 1148.61 0.621445 50.0981 0.15379 16.1818 0.396368 0 5.58373 0.048845 10.9208 0.0111225 0 15.0006 1.59575 0.00920125 0 0 0
44 250.00 1147.61 0.609584 50.1154 0.154978 16.1766 0.397627 0 5.63018 0.0493393 10.8937 0.0110772 0 14.9538 1.60792 0.00932088 0 0 0
45 250.00 1146.61 0.598094 50.1331 0.156143 16.1713 0.398891 0 5.67691 0.0498206 10.8664 0.0110292 0 14.9068 1.62007 0.00944101 0 0 0
46 250.00 1145.61 0.586962 50.1512 0.157283 16.1659 0.400161 0 5.7239 0.0502866 10.839 0.0109782 0 14.8595 1.63219 0.00956163 0 0 0
47 250.00 1144.61 0.576175 50.1698 0.158397 16.1604 0.40144 0 5.77115 0.0507348 10.8113 0.0109238 0 14.8118 1.6443 0.00968271 0 0 0
48 250.00 1143.61 0.565721 50.1888 0.159482 16.1548 0.402728 0 5.81867 0.0511622 10.7835 0.0108656 0 14.7639 1.65637 0.00980426 0 0 0
49 250.00 1142.61 0.555589 50.2084 0.160538 16.1489 0.404028 0 5.86644 0.0515653 10.7554 0.010803 0 14.7156 1.66841 0.00992625 0 0 0
50 250.00 1141.61 0.545768 50.2287 0.16156 16.1429 0.405342 0 5.91447 0.0519399 10.727 0.0107354 0 14.6669 1.68041 0.0100487 0 0 0
51 250.00 1140.61 0.536249 50.2497 0.162548 16.1367 0.406673 0 5.96273 0.0522808 10.6984 0.0106621 0 14.6178 1.69238 0.0101715 0 0 0
52 250.00 1139.61 0.527023 50.2716 0.163497 16.1302 0.408026 0 6.01123 0.0525818 10.6694 0.010582 0 14.5682 1.7043 0.0102947 0 0 0
53 250.00 1138.61 0.532844 49.6269 0.227183 15.9011 0.607488 0.478331 6.35491 0.0502063 10.6835 0.00997435 0 14.3839 1.66642 0.0100987 0 0 0
54 250.00 1137.61 0.515573 49.927 0.200927 16.043 0.521712 0.269872 6.27247 0.0520324 10.6145 0.0102041 0 14.3717 1.70614 0.0104026 0 0 0
55 250.00 1136.61 0.507155 49.9464 0.203341 16.0334 0.525762 0.272199 6.32587 0.0521253 10.5839 0.0100923 0 14.3192 1.71729 0.0105219 0 0 0
56 250.00 1135.61 0.499014 49.9675 0.205774 16.0232 0.529925 0.274481 6.37949 0.0521284 10.5526 0.00996602 0 14.2659 1.72834 0.0106412 0 0 0
57 250.00 1134.61 0.491153 49.9908 0.208223 16.0126 0.534216 0.27671 6.43327 0.0520194 10.5206 0.00982182 0 14.2118 1.73925 0.0107604 0 0 0
58 250.00 1133.61 0.483574 50.0168 0.21068 16.0012 0.538657 0.27888 6.48713 0.0517669 10.4877 0.00965471 0 14.1566 1.75002 0.0108792 0 0 0
59 250.00 1132.61 0.008531 36.8583 1.25921 14.1515 3.55567 7.58583 13.3991 0.13382 12.9072 0.0249578 0 8.90215 1.21468 0.00761185 0 0 0
60 250.00 1131.61 0.939761 50.2087 0.205281 15.9881 0.519774 0.2155 6.52636 0.0496622 10.3949 0.00904567 0 14.0962 1.77523 0.0111411 0 0 0
61 250.00 1130.61 0.462669 50.1233 0.217935 15.9607 0.553207 0.284917 6.64752 0.049584 10.38 0.00892784 0 13.9818 1.78089 0.0112312 0 0 0
62 250.00 1129.61 0.456513 50.1783 0.220121 15.9433 0.558715 0.286668 6.69934 0.0478991 10.3381 0.00852884 0 13.9174 1.79035 0.0113445 0 0 0
63 250.00 1128.61 0.451098 50.2585 0.221861 15.9215 0.564889 0.288126 6.74854 0.0449945 10.2886 0.00792732 0 13.8448 1.79882 0.0114525 0 0 0
64 250.00 1127.61 0.447899 51.4644 0.125504 17.5951 0.466526 0.258698 7.43742 0.00201794 9.63004 0.00036972 0 10.9304 2.07571 0.0137829 0 0 0
65 250.00 1126.61 0.848348 51.6656 0.131897 15.0176 0.492825 0.193379 9.12478 0 11.9807 0 0 9.695 1.68712 0.0110915 0 0 0
66 250.00 1125.61 0.447106 51.4491 0.133076 17.8661 0.460727 0.266855 7.57647 0 9.76965 0 0 10.3929 2.07125 0.0138126 0 0 0
67 250.00 1124.61 0.439962 51.4474 0.137227 17.8075 0.467631 0.269545 7.61813 0 9.74908 0 0 10.4148 2.07474 0.0139192 0 0 0
68 250.00 1123.61 0.437885 51.3554 0.180893 16.9827 0.530559 0.277614 7.41539 0 9.82108 0 0 11.4485 1.97466 0.0132197 0 0 0
69 250.00 1122.61 0.437807 51.2561 0.229159 16.083 0.598698 0.28451 7.2127 0 9.9226 0 0 12.537 1.86376 0.0124235 0 0 0
70 250.00 1121.61 0.430218 51.2515 0.235114 16.0708 0.605737 0.286936 7.25771 0 9.89023 0 0 12.5159 1.87348 0.0125552 0 0 0
71 250.00 1120.61 0.422847 51.2463 0.241398 16.0582 0.613024 0.289338 7.30328 0 9.85785 0 0 12.4948 1.88313 0.012687 0 0 0
72 250.00 1119.61 0.415687 51.2402 0.248049 16.0453 0.620582 0.291717 7.34947 0 9.82547 0 0 12.4737 1.89271 0.0128186 0 0 0
73 250.00 1118.61 0.408733 51.2333 0.255109 16.032 0.62844 0.294073 7.39634 0 9.79308 0 0 12.4525 1.90221 0.0129501 0 0 0
74 250.00 1117.61 0.401978 51.2255 0.262628 16.0182 0.636631 0.29641 7.44396 0 9.76068 0 0 12.4313 1.91162 0.0130814 0 0 0
75 250.00 1116.61 0.395418 51.2166 0.270666 16.004 0.645193 0.298731 7.49243 0 9.72827 0 0 12.41 1.92094 0.0132125 0 0 0
76 250.00 1115.61 0.389047 51.2064 0.27929 15.9892 0.654168 0.30104 7.54183 0 9.69583 0 0 12.3887 1.93016 0.0133432 0 0 0
77 250.00 1114.61 0.382862 51.1949 0.28858 15.9739 0.663605 0.303341 7.59229 0 9.66336 0 0 12.3672 1.93926 0.0134735 0 0 0
78 250.00 1113.61 0.376859 51.1819 0.298628 15.9579 0.673563 0.30564 7.64394 0 9.63085 0 0 12.3458 1.94824 0.0136032 0 0 0
79 250.00 1112.61 0.371036 51.1671 0.309543 15.9411 0.684105 0.307944 7.69694 0 9.5983 0 0 12.3242 1.95708 0.0137324 0 0 0
80 250.00 1111.61 0.365389 51.1502 0.321451 15.9235 0.695306 0.31026 7.75145 0 9.56567 0 0 12.3025 1.96577 0.0138607 0 0 0
81 250.00 1110.61 0.359919 51.1311 0.334496 15.905 0.707249 0.312595 7.80769 0 9.53297 0 0 12.2806 1.97428 0.0139881 0 0 0
82 250.00 1109.61 0.354623 51.1093 0.348846 15.8854 0.720027 0.314955 7.86588 0 9.50016 0 0 12.2587 1.9826 0.0141144 0 0 0
83 250.00 1108.61 0.349501 51.0845 0.364688 15.8647 0.733741 0.317346 7.92628 0 9.46722 0 0 12.2365 1.99071 0.0142395 0 0 0
84 250.00 1107.61 0.344554 51.0564 0.38223 15.8427 0.748499 0.31977 7.98918 0 9.43414 0 0 12.2142 1.99858 0.014363 0 0 0
85 250.00 1106.61 0.339783 51.0244 0.4017 15.8192 0.764411 0.322223 8.05487 0 9.40086 0 0 12.1917 2.00618 0.0144849 0 0 0
86 250.00 1105.61 0.335188 50.9882 0.423335 15.7941 0.781588 0.324691 8.12368 0 9.36736 0 0 12.1689 2.0135 0.0146048 0 0 0
87 250.00 1104.61 0.330769 50.9473 0.447381 15.7673 0.800132 0.327152 8.19592 0 9.33359 0 0 12.146 2.0205 0.0147226 0 0 0
88 250.00 1103.61 0.326528 50.9014 0.474078 15.7387 0.820136 0.329567 8.27188 0 9.29951 0 0 12.1228 2.02716 0.0148381 0 0 0
89 250.00 1102.61 0.322463 50.85 0.503654 15.7081 0.841671 0.331882 8.35184 0 9.26506 0 0 12.0993 2.03347 0.014951 0 0 0
90 250.00 1101.61 0.318574 50.793 0.53631 15.6756 0.864785 0.334022 8.43602 0 9.23019 0 0 12.0757 2.0394 0.0150612 0 0 0
91 250.00 1100.61 0.314857 50.73 0.57222 15.641 0.889502 0.335898 8.5246 0 9.19485 0 0 12.0518 2.04495 0.0151686 0 0 0
92 250.00 1099.61 0.311309 50.661 0.61152 15.6043 0.91582 0.337403 8.61771 0 9.15898 0 0 12.0278 2.05011 0.0152731 0 0 0
93 250.00 1098.61 0.307927 50.586 0.654309 15.5657 0.943711 0.33842 8.7154 0 9.12255 0 0 12.0037 2.05489 0.0153747 0 0 0
94 250.00 1097.61 0.304703 50.5049 0.700652 15.5251 0.973125 0.338823 8.81769 0 9.08551 0 0 11.9794 2.05929 0.0154735 0 0 0
95 250.00 1096.61 0.302540 50.4044 0.750371 15.4696 1.0039 0.338356 8.9311 0 9.05281 0 0 11.9457 2.06142 0.0155553 0 0.0037862 0.0229524
96 250.00 1095.61 0.299504 50.3007 0.803851 15.424 1.03598 0.337066 9.03889 0 9.01067 0 0 11.9201 2.06497 0.0156478 0 0.00692937 0.0412334
97 250.00 1094.61 0.296787 50.1914 0.860829 15.3747 1.06935 0.334769 9.15288 0 8.96945 0 0 11.893 2.06787 0.0157353 0 0.0102311 0.0597605
98 250.00 1093.61 0.294203 50.0766 0.921275 15.3238 1.1039 0.331356 9.27103 0 8.92746 0 0 11.866 2.07044 0.0158202 0 0.0136978 0.0785378
99 250.00 1092.61 0.291744 49.9568 0.985102 15.2715 1.13951 0.326723 9.39317 0 8.88467 0 0 11.839 2.0727 0.0159026 0 0.0173334 0.0975559
100 250.00 1091.61 0.289401 49.8321 1.05221 15.2179 1.17609 0.32078 9.51911 0 8.84109 0 0 11.8121 2.07468 0.0159828 0 0.0211424 0.116806
101 250.00 1090.61 0.287168 49.7029 1.12246 15.1632 1.21353 0.31345 9.64865 0 8.79669 0 0 11.7853 2.07639 0.0160608 0 0.0251291 0.136279
102 250.00 1089.61 0.285037 49.5695 1.19574 15.1075 1.25174 0.304674 9.78158 0 8.75147 0 0 11.7585 2.07786 0.0161369 0 0.0292984 0.155968
103 250.00 1088.61 0.283002 49.4323 1.27191 15.0509 1.29062 0.294406 9.9177 0 8.70544 0 0 11.7319 2.07912 0.0162112 0 0.0336551 0.175864
104 250.00 1087.61 0.281055 49.2915 1.35083 14.9935 1.33011 0.28262 10.0568 0 8.65859 0 0 11.7054 2.08017 0.0162838 0 0.0382042 0.195961
105 250.00 1086.61 0.279193 49.1473 1.43239 14.9356 1.37014 0.269305 10.1988 0 8.61091 0 0 11.679 2.08104 0.016355 0 0.0429509 0.216251
106 250.00 1085.61 0.277410 48.9999 1.51651 14.8771 1.41068 0.254466 10.3435 0 8.56241 0 0 11.6527 2.08174 0.0164248 0 0.0479005 0.236726
107 250.00 1084.61 0.275705 48.8492 1.60316 14.818 1.45176 0.238124 10.4909 0 8.51308 0 0 11.6265 2.08228 0.0164932 0 0.0530578 0.257376
108 250.00 1083.61 0.274079 48.695 1.69243 14.7584 1.49347 0.220318 10.6412 0 8.46289 0 0 11.6004 2.08263 0.0165602 0 0.0584274 0.27819
109 250.00 1082.61 0.272539 48.5369 1.78455 14.6982 1.53599 0.201099 10.7946 0 8.41179 0 0 11.5743 2.08278 0.0166255 0 0.0640125 0.299147
110 250.00 1081.61 0.271101 48.3735 1.88007 14.6369 1.57968 0.180535 10.9521 0 8.35972 0 0 11.5482 2.08266 0.0166886 0 0.0698139 0.320218
111 250.00 1080.61 0.269793 48.2028 1.98005 14.5739 1.62521 0.158711 11.115 0 8.3065 0 0 11.5218 2.08215 0.0167484 0 0.0758273 0.341352
112 250.00 1079.61 0.268675 48.0205 2.08658 14.508 1.67384 0.135726 11.2861 0 8.25184 0 0 11.4951 2.081 0.0168029 0 0.0820381 0.362451
113 250.00 1078.61 0.267871 47.8184 2.20394 14.4366 1.72809 0.111704 11.4713 0 8.19513 0 0 11.4675 2.07874 0.0168478 0 0.0884077 0.383318
114 250.00 1077.61 0.267660 47.5776 2.34182 14.354 1.79352 0.0868097 11.6837 0 8.13499 0 0 11.4382 2.07427 0.0168738 0 0.0948362 0.403508
115 250.00 1076.61 0.268812 47.2482 2.52612 14.2448 1.88491 0.0612885 11.9577 0 8.06776 0 0 11.4049 2.0647 0.0168556 0 0.101034 0.421797
116 250.00 1075.61 0.274171 46.6552 2.84801 14.055 2.05405 0.0356679 12.4155 0 7.98058 0 0 11.3598 2.03984 0.0167045 0 0.105921 0.433774
117 250.00 1074.61 0.299465 44.9765 3.73572 13.532 2.54508 0.0122792 13.6299 0 7.81272 0 0 11.266 1.95191 0.0160032 0 0.104116 0.417863
118 250.00 1073.61 0.367696 41.8883 5.34709 12.5834 3.46541 0 15.8244 0 7.53548 0 0 11.1049 1.7823 0.0145861 0 0.0922435 0.361915
119 250.00 1072.61 0.396580 40.7434 5.92325 12.2493 3.82511 0 16.6551 0 7.39082 0 0 11.0213 1.72683 0.0141671 0 0.0932887 0.357391
120 250.00 1071.61 0.385113 40.8278 5.85415 12.2976 3.8198 0 16.625 0 7.3341 0 0 10.9899 1.74337 0.0143815 0 0.104167 0.389749
121 250.00 1070.61 0.374196 40.9099 5.78626 12.3444 3.81474 0 16.5956 0 7.27789 0 0 10.9585 1.75977 0.0145952 0 0.115654 0.422722
122 250.00 1069.61 0.363794 40.9897 5.71955 12.3897 3.80992 0 16.567 0 7.22218 0 0 10.927 1.77603 0.0148083 0 0.12777 0.456296
123 250.00 1068.61 0.353876 41.0673 5.65398 12.4336 3.80535 0 16.5392 0 7.16694 0 0 10.8955 1.79216 0.0150207 0 0.140533 0.490463
124 250.00 1067.61 0.344413 41.1426 5.58952 12.476 3.80101 0 16.5122 0 7.11216 0 0 10.8639 1.80815 0.0152325 0 0.153962 0.525209
125 250.00 1066.61 0.335377 41.2158 5.52614 12.5171 3.79691 0 16.4859 0 7.05782 0 0 10.8323 1.82401 0.0154435 0 0.168076 0.560524
126 250.00 1065.61 0.326743 41.2868 5.4638 12.5568 3.79303 0 16.4603 0 7.0039 0 0 10.8006 1.83973 0.0156539 0 0.182895 0.596395
127 250.00 1064.61 0.318487 41.3558 5.40247 12.5952 3.78939 0 16.4355 0 6.9504 0 0 10.7689 1.85531 0.0158635 0 0.19844 0.632812
128 250.00 1063.61 0.310589 41.4227 5.34211 12.6322 3.78596 0 16.4113 0 6.89728 0 0 10.7371 1.87076 0.0160724 0 0.21473 0.669762
129 250.00 1062.61 0.303027 41.4875 5.28271 12.668 3.78275 0 16.3879 0 6.84454 0 0 10.7052 1.88607 0.0162806 0 0.231787 0.707234
130 250.00 1061.61 0.295784 41.5504 5.22422 12.7024 3.77975 0 16.3652 0 6.79217 0 0 10.6733 1.90124 0.016488 0 0.249633 0.745215
131 250.00 1060.61 0.288840 41.6112 5.16663 12.7355 3.77697 0 16.3432 0 6.74014 0 0 10.6413 1.91628 0.0166947 0 0.268288 0.783695
132 250.00 1059.61 0.282181 41.6702 5.1099 12.7675 3.77439 0 16.3219 0 6.68845 0 0 10.6092 1.93117 0.0169006 0 0.287776 0.822661
133 250.00 1058.61 0.275791 41.7271 5.05401 12.7981 3.77202 0 16.3012 0 6.63708 0 0 10.5771 1.94593 0.0171057 0 0.308119 0.862101
134 250.00 1057.61 0.269656 41.7822 4.99894 12.8276 3.76985 0 16.2813 0 6.58603 0 0 10.5449 1.96055 0.01731 0 0.32934 0.902004
135 250.00 1056.61 0.263762 41.8355 4.94466 12.8558 3.76787 0 16.2619 0 6.53527 0 0 10.5127 1.97504 0.0175135 0 0.351464 0.942356
136 250.00 1055.61 0.258097 41.8868 4.89115 12.8828 3.76609 0 16.2433 0 6.48481 0 0 10.4803 1.98938 0.0177162 0 0.374515 0.983147
137 250.00 1054.61 0.252649 41.9363 4.83838 12.9087 3.7645 0 16.2252 0 6.43462 0 0 10.4479 2.00358 0.017918 0 0.398518 1.02436
138 250.00 1053.61 0.247407 41.984 4.78634 12.9334 3.76309 0 16.2078 0 6.3847 0 0 10.4154 2.01765 0.018119 0 0.423499 1.066
139 250.00 1052.61 0.242362 42.0299 4.73501 12.9569 3.76187 0 16.191 0 6.33504 0 0 10.3828 2.03157 0.0183191 0 0.449483 1.10803
140 250.00 1051.61 0.237503 42.074 4.68436 12.9793 3.76082 0 16.1749 0 6.28562 0 0 10.3502 2.04535 0.0185184 0 0.476498 1.15045
141 250.00 1050.61 0.232822 42.1164 4.63437 13.0006 3.75996 0 16.1593 0 6.23645 0 0 10.3174 2.05899 0.0187167 0 0.504571 1.19325
142 250.00 1049.61 0.228311 42.157 4.58503 13.0207 3.75927 0 16.1443 0 6.1875 0 0 10.2846 2.07248 0.0189141 0 0.53373 1.23642
143 250.00 1048.61 0.223960 42.1958 4.53633 13.0398 3.75875 0 16.13 0 6.13877 0 0 10.2517 2.08583 0.0191106 0 0.564005 1.27994
144 250.00 1047.61 0.219763 42.2329 4.48824 13.0577 3.75839 0 16.1162 0 6.09025 0 0 10.2188 2.09904 0.0193062 0 0.595425 1.3238
145 250.00 1046.61 0.215713 42.2683 4.44074 13.0746 3.7582 0 16.103 0 6.04193 0 0 10.1857 2.1121 0.0195007 0 0.62802 1.36799
146 250.00 1045.61 0.211802 42.3019 4.39382 13.0904 3.75818 0 16.0903 0 5.99381 0 0 10.1526 2.12501 0.0196943 0 0.661822 1.41249
147 250.00 1044.61 0.208026 42.3338 4.34747 13.1051 3.75831 0 16.0782 0 5.94588 0 0 10.1193 2.13778 0.0198869 0 0.696863 1.4573
148 250.00 1043.61 0.204377 42.3641 4.30167 13.1188 3.7586 0 16.0667 0 5.89812 0 0 10.086 2.15039 0.0200784 0 0.733176 1.50239
149 250.00 1042.61 0.200851 42.3926 4.25641 13.1314 3.75904 0 16.0557 0 5.85054 0 0 10.0526 2.16286 0.0202689 0 0.770795 1.54777
150 250.00 1041.61 0.197442 42.4195 4.21166 13.143 3.75963 0 16.0452 0 5.80312 0 0 10.0191 2.17518 0.0204583 0 0.809754 1.59341
151 250.00 1040.61 0.035769 33.2812 2.54744 10.7953 2.00578 0 23.823 1.08878 6.87261 0.116813 0 4.22457 1.93776 0.0188775 0 4.48363 8.80428
152 250.00 1039.61 0.475024 39.7296 2.5474 14.0662 2.01645 0 24.6432 1.10844 6.67875 0.104683 0 5.48256 2.54751 0.0248514 0 0.36657 0.683892
153 250.00 1038.61 0.176329 39.1323 3.35378 15.6052 2.66956 0 21.4881 0.835599 5.13394 0.0763066 0 5.97903 2.82172 0.0275811 0 1.01593 1.86093
154 250.00 1037.61 0.174070 39.1133 3.32744 15.5696 2.66327 0 21.5431 0.840983 5.0934 0.074272 0 5.96335 2.82169 0.0276344 0 1.05844 1.90356
155 250.00 1036.61 0.171850 39.0934 3.30138 15.5342 2.65697 0 21.5969 0.84623 5.0527 0.0722898 0 5.94771 2.82166 0.0276867 0 1.10237 1.94653
156 250.00 1035.61 0.262311 42.0452 4.12303 8.78815 4.06948 0 16.7875 0 7.07158 0 0 13.7264 1.32391 0.0115171 0 0.757653 1.29559
157 250.00 1034.61 0.158869 41.1569 4.5424 12.9557 4.21813 0 14.9103 0 4.86702 0 0 11.6996 2.1873 0.0205698 0 1.28488 2.15721
158 250.00 1033.61 0.156572 41.1884 4.4913 12.9629 4.21898 0 14.8824 0 4.83038 0 0 11.6584 2.20087 0.0207644 0 1.33878 2.20684
159 250.00 1032.61 0.154350 41.2184 4.4406 12.9691 4.21991 0 14.8555 0 4.79399 0 0 11.6165 2.21429 0.0209583 0 1.39425 2.2565
160 250.00 1031.61 0.152203 41.247 4.39028 12.9742 4.22092 0 14.8296 0 4.75786 0 0 11.5739 2.22756 0.0211512 0 1.45135 2.30618
161 250.00 1030.61 0.150126 41.274 4.34034 12.9784 4.22199 0 14.8048 0 4.72197 0 0 11.5306 2.24067 0.0213433 0 1.51009 2.35585
162 250.00 1029.61 0.148117 41.2995 4.29074 12.9816 4.22311 0 14.781 0 4.68633 0 0 11.4865 2.25364 0.0215346 0 1.57052 2.4055
163 250.00 1028.61 0.345455 39.4387 1.45062 12.0188 1.25863 0 28.4837 1.50966 6.93035 0.111215 0 4.7194 2.28548 0.0227927 0 0.718869 1.0518
164 250.00 1027.61 0.155246 39.1234 2.93786 15.2565 2.56248 0 21.9735 0.93882 4.46066 0.0669895 0 5.76428 2.88521 0.0288209 0 1.64339 2.35804
165 250.00 1026.61 0.153368 39.0943 2.91468 15.222 2.55559 0 22.0116 0.942541 4.41844 0.0651556 0 5.74824 2.88547 0.0288699 0 1.70875 2.40439
166 250.00 1025.61 0.151523 39.064 2.89178 15.1875 2.54869 0 22.0482 0.946099 4.37622 0.0633726 0 5.73217 2.8857 0.0289178 0 1.77632 2.45105
167 250.00 1024.61 0.149702 39.0327 2.86923 15.1532 2.54186 0 22.0827 0.949457 4.33384 0.0616363 0 5.71615 2.88595 0.028965 0 1.84622 2.4981
168 250.00 1023.61 0.147936 39.0002 2.84674 15.1182 2.53484 0 22.1171 0.952765 4.29193 0.0599565 0 5.69987 2.88605 0.0290099 0 1.91823 2.54514
169 250.00 1022.61 0.013351 15.6957 3.92008 6.18102 3.49058 0 15.3044 0.417741 2.14183 0.026288 0 2.22921 1.12439 0.0113021 0 21.2554 28.202
170 250.00 1021.61 0.330105 42.099 3.44461 11.3345 3.66088 0 18.0299 0.269115 5.51911 0.0164307 0 11.5361 1.99238 0.0189877 0 0.919544 1.15951
171 250.00 1020.61 0.155725 40.0349 3.00224 13.1306 2.99227 0 20.2066 0.656947 4.71364 0.0391474 0 8.26282 2.45438 0.024292 0 2.00715 2.47504
172 250.00 1019.61 0.153855 40.0079 2.9678 13.1201 2.97929 0 20.2412 0.664371 4.65407 0.0386434 0 8.22579 2.46254 0.0244169 0 2.09172 2.52214
173 250.00 1018.61 0.152027 39.9794 2.93392 13.1088 2.96642 0 20.274 0.67157 4.59469 0.0381317 0 8.18921 2.47052 0.0245397 0 2.17939 2.56935
174 250.00 1017.61 0.150242 39.9496 2.90059 13.0966 2.95366 0 20.3049 0.67854 4.53551 0.0376133 0 8.15306 2.47831 0.0246604 0 2.27026 2.61667
175 250.00 1016.61 0.148498 39.9183 2.8678 13.0837 2.94099 0 20.3338 0.685281 4.47653 0.0370893 0 8.11734 2.4859 0.0247789 0 2.36445 2.66407
176 250.00 1015.61 0.146794 39.8856 2.83553 13.0699 2.92841 0 20.3606 0.691792 4.41775 0.0365606 0 8.082 2.49333 0.0248955 0 2.46205 2.71154
177 250.00 1014.61 0.145130 39.8514 2.80377 13.0554 2.91592 0 20.3853 0.69807 4.3592 0.036028 0 8.04704 2.50057 0.02501 0 2.56321 2.75906
178 250.00 1013.61 0.143504 39.8156 2.77251 13.04 2.90352 0 20.408 0.704115 4.30088 0.0354924 0 8.01245 2.50762 0.0251224 0 2.66806 2.80664
179 250.00 1012.61 0.141915 39.7782 2.74173 13.0238 2.89121 0 20.4285 0.709925 4.2428 0.0349545 0 7.97822 2.51447 0.0252326 0 2.77672 2.85426
180 250.00 1011.61 0.140362 39.7392 2.71144 13.0067 2.87898 0 20.4468 0.715499 4.18498 0.034415 0 7.94433 2.52113 0.0253407 0 2.88932 2.9019
181 250.00 1010.61 0.138845 39.6984 2.68161 12.9887 2.86683 0 20.463 0.720838 4.12741 0.0338748 0 7.91076 2.52759 0.0254465 0 3.00601 2.94955
182 250.00 1009.61 0.137363 39.6558 2.65223 12.9699 2.85475 0 20.4768 0.72594 4.07012 0.0333343 0 7.87749 2.53385 0.0255502 0 3.12693 2.99719
183 250.00 1008.61 0.135914 39.6115 2.62329 12.9502 2.84274 0 20.4885 0.730806 4.01309 0.0327943 0 7.84451 2.53991 0.0256517 0 3.25222 3.0448
184 250.00 1007.61 0.134500 39.5653 2.59478 12.9297 2.83079 0 20.4977 0.735435 3.95634 0.0322553 0 7.81179 2.54576 0.025751 0 3.38203 3.09237
185 250.00 1006.61 0.133118 39.5171 2.56668 12.9082 2.81889 0 20.5047 0.739827 3.89987 0.0317177 0 7.77932 2.55141 0.025848 0 3.51652 3.13987
186 250.00 1005.61 0.131769 39.467 2.53898 12.8859 2.80705 0 20.5092 0.743983 3.84368 0.0311822 0 7.74708 2.55685 0.0259428 0 3.65583 3.1873
187 250.00 1004.61 0.130451 39.4148 2.51167 12.8627 2.79525 0 20.5113 0.747903 3.78779 0.030649 0 7.71504 2.56207 0.0260353 0 3.80013 3.23462
188 250.00 1003.61 0.129165 39.3606 2.48474 12.8385 2.78348 0 20.511 0.751587 3.73218 0.0301188 0 7.68319 2.56707 0.0261255 0 3.94959 3.28181
189 250.00 1002.61 0.127910 39.3042 2.45817 12.8134 2.77175 0 20.5082 0.755036 3.67688 0.0295917 0 7.65152 2.57186 0.0262134 0 4.10437 3.32886
190 250.00 1001.61 0.126685 39.2456 2.43195 12.7873 2.76004 0 20.5029 0.75825 3.62187 0.0290683 0 7.61999 2.57642 0.026299 0 4.26463 3.37574
191 250.00 1000.61 0.125491 39.1846 2.40608 12.7603 2.74835 0 20.495 0.76123 3.56716 0.0285487 0 7.58859 2.58076 0.0263821 0 4.43056 3.42242
192 250.00 999.61 0.124325 39.1214 2.38053 12.7323 2.73668 0 20.4845 0.763976 3.51276 0.0280333 0 7.5573 2.58486 0.0264629 0 4.60232 3.46888
193 250.00 998.61 0.123189 39.0557 2.3553 12.7034 2.725 0 20.4714 0.766491 3.45866 0.0275224 0 7.52609 2.58873 0.0265412 0 4.7801 3.51511
194 250.00 997.61 0.122082 38.9875 2.33038 12.6734 2.71333 0 20.4556 0.768773 3.40487 0.0270161 0 7.49496 2.59236 0.026617 0 4.96407 3.56106
195 250.00 996.61 0.121003 38.9168 2.30575 12.6424 2.70164 0 20.4372 0.770825 3.35139 0.0265148 0 7.46387 2.59574 0.0266903 0 5.1544 3.60671
196 250.00 995.61 0.119952 38.8435 2.28141 12.6104 2.68994 0 20.4161 0.772647 3.29822 0.0260185 0 7.43281 2.59887 0.0267611 0 5.3513 3.65205
197 250.00 994.61 0.118929 38.7675 2.25735 12.5773 2.67822 0 20.3923 0.77424 3.24537 0.0255275 0 7.40175 2.60175 0.0268292 0 5.55492 3.69703
198 250.00 993.61 0.020177 16.1063 2.53249 4.33906 2.90811 0 12.9581 0.326637 1.84307 0.0107696 0 3.59577 0.836814 0.00843379 0 32.7428 21.7917
199 250.00 992.61 0.215013 40.8184 2.18983 13.285 2.64114 0 21.0941 0.820054 3.2833 0.0259424 0 7.72494 2.77368 0.0286975 0 3.25537 2.05951
200 250.00 991.61 0.116019 38.5223 2.18675 12.4717 2.64265 0 20.3026 0.777587 3.08888 0.0240956 0 7.30826 2.6089 0.0270184 0 6.20937 3.82982
201 250.00 990.61 0.115105 38.4348 2.16368 12.4343 2.63077 0 20.2676 0.778277 3.03729 0.0236268 0 7.27704 2.61071 0.0270757 0 6.44174 3.87311
202 250.00 989.61 0.114216 38.3442 2.14084 12.3957 2.61883 0 20.2297 0.778748 2.98602 0.023164 0 7.24569 2.61224 0.0271302 0 6.68178 3.91594
203 250.00 988.61 0.113353 38.2506 2.11823 12.3559 2.60684 0 20.189 0.778998 2.93507 0.0227071 0 7.21423 2.61349 0.0271819 0 6.92958 3.95824
204 250.00 987.61 0.112516 38.1537 2.09583 12.3149 2.59479 0 20.1454 0.77903 2.88444 0.0222562 0 7.18264 2.61444 0.0272306 0 7.18533 3.99999
205 250.00 986.61 0.111703 38.0536 2.07363 12.2728 2.58266 0 20.0989 0.778844 2.83414 0.0218114 0 7.1509 2.6151 0.0272763 0 7.44918 4.04118
206 250.00 985.61 0.110916 37.9502 2.05163 12.2295 2.57047 0 20.0495 0.778444 2.78417 0.0213727 0 7.11898 2.61545 0.0273191 0 7.72128 4.08176
207 250.00 984.61 0.110153 37.8434 2.02983 12.1849 2.55819 0 19.9972 0.77783 2.73453 0.0209401 0 7.08687 2.61549 0.0273587 0 8.00178 4.12173
208 250.00 983.61 0.109219 37.7265 2.01173 12.1444 2.54999 0 19.9168 0.774919 2.68155 0.0204572 0 7.05672 2.61629 0.0274062 0 8.30494 4.16838
209 250.00 982.61 0.108897 37.6266 1.98329 12.0868 2.52933 0 19.9097 0.778102 2.63995 0.0201487 0 7.02007 2.61355 0.027417 0 8.57295 4.19211
210 250.00 981.61 0.108009 37.5021 1.96554 12.0437 2.52089 0 19.8229 0.774733 2.58761 0.0196795 0 6.9892 2.61373 0.0274586 0 8.89485 4.23764
211 250.00 980.61 0.107341 37.3812 1.94447 11.9941 2.50828 0 19.7589 0.77329 2.53932 0.0192718 0 6.95615 2.61249 0.0274855 0 9.21009 4.27488
212 250.00 979.61 0.106695 37.2567 1.92357 11.9432 2.49559 0 19.6922 0.771646 2.49138 0.0188702 0 6.92283 2.61092 0.0275089 0 9.53426 4.31139
213 250.00 978.61 0.106072 37.1285 1.90284 11.891 2.48281 0 19.6225 0.769804 2.44378 0.0184749 0 6.88921 2.609 0.027529 0 9.8674 4.34714
214 250.00 977.61 0.105471 36.9965 1.88229 11.8375 2.46995 0 19.55 0.767767 2.39655 0.0180857 0 6.8553 2.60675 0.0275457 0 10.2096 4.38213
215 250.00 976.61 0.104892 36.8608 1.8619 11.7827 2.457 0 19.4747 0.765539 2.34967 0.0177028 0 6.82107 2.60414 0.0275588 0 10.5608 4.41634
216 250.00 975.61 0.104334 36.7214 1.84168 11.7266 2.44397 0 19.3966 0.763122 2.30316 0.0173261 0 6.78651 2.60118 0.0275684 0 10.9211 4.44975
217 250.00 974.61 0.103796 36.5781 1.82163 11.6692 2.43086 0 19.3158 0.76052 2.25702 0.0169556 0 6.75163 2.59787 0.0275745 0 11.2905 4.48236
218 250.00 973.61 0.103278 36.431 1.80175 11.6105 2.41767 0 19.2323 0.757737 2.21126 0.0165913 0 6.7164 2.5942 0.0275769 0 11.6689 4.51416
219 250.00 972.61 0.102780 36.2802 1.78204 11.5504 2.40441 0 19.1461 0.754777 2.16588 0.0162331 0 6.68082 2.59017 0.0275757 0 12.0563 4.54514
220 250.00 971.61 0.102301 36.1255 1.7625 11.489 2.39109 0 19.0573 0.751644 2.12089 0.0158811 0 6.64489 2.58578 0.0275709 0 12.4526 4.5753
221 250.00 970.61 0.101841 35.967 1.74313 11.4264 2.3777 0 18.966 0.748343 2.0763 0.0155352 0 6.6086 2.58102 0.0275623 0 12.8577 4.60464
222 250.00 969.61 0.101399 35.8048 1.72395 11.3625 2.36425 0 18.8722 0.744877 2.03212 0.0151953 0 6.57195 2.5759 0.02755 0 13.2716 4.63315
223 250.00 968.61 0.100974 35.6389 1.70494 11.2973 2.35076 0 18.7759 0.741252 1.98834 0.0148616 0 6.53494 2.57041 0.027534 0 13.694 4.66085
224 250.00 967.61 0.100567 35.4692 1.68611 11.2308 2.33722 0 18.6774 0.737473 1.94499 0.0145339 0 6.49757 2.56456 0.0275142 0 14.1249 4.68772
225 250.00 966.61 0.100018 35.284 1.67052 11.167 2.32724 0 18.5539 0.731856 1.89916 0.0141791 0 6.45853 2.55918 0.0274999 0 14.5858 4.72114
226 250.00 965.61 0.099957 35.1316 1.646 11.0907 2.30654 0 18.4967 0.731196 1.86253 0.0139294 0 6.42331 2.55091 0.0274535 0 14.9875 4.73162
227 250.00 964.61 0.099441 34.9386 1.63076 11.0242 2.29643 0 18.3684 0.72526 1.81751 0.0135868 0 6.38333 2.54483 0.0274323 0 15.466 4.76352
228 250.00 963.61 0.099097 34.7548 1.61269 10.9531 2.28279 0 18.2613 0.720915 1.77591 0.013283 0 6.34456 2.53754 0.0273975 0 15.9286 4.78721
229 250.00 962.61 0.098767 34.5676 1.59483 10.8808 2.26915 0 18.1522 0.716442 1.73477 0.0129851 0 6.30545 2.52989 0.027359 0 16.3984 4.81012
230 250.00 961.61 0.098451 34.3771 1.57716 10.8074 2.25551 0 18.0413 0.711848 1.69409 0.0126931 0 6.26603 2.5219 0.0273169 0 16.8754 4.83227
231 250.00 960.61 0.098148 34.1835 1.5597 10.733 2.24188 0 17.9287 0.707137 1.65388 0.0124069 0 6.2263 2.51357 0.027271 0 17.359 4.85367
232 250.00 959.61 0.097858 33.9868 1.54245 10.6576 2.22826 0 17.8144 0.702315 1.61414 0.0121264 0 6.18628 2.5049 0.0272216 0 17.8492 4.87435
233 250.00 958.61 0.097581 33.7871 1.52541 10.5812 2.21467 0 17.6986 0.697389 1.5749 0.0118517 0 6.14597 2.4959 0.0271687 0 18.3455 4.8943
234 250.00 957.61 0.097316 33.5847 1.50859 10.504 2.20111 0 17.5813 0.692364 1.53614 0.0115826 0 6.1054 2.48658 0.0271122 0 18.8476 4.91355
235 250.00 956.61 0.097062 33.3795 1.49197 10.4259 2.18759 0 17.4627 0.687247 1.49789 0.0113192 0 6.06458 2.47695 0.0270523 0 19.3551 4.93211
236 250.00 955.61 0.096820 33.1718 1.47558 10.347 2.17412 0 17.3428 0.682043 1.46014 0.0110614 0 6.02353 2.46702 0.0269891 0 19.8678 4.95
237 250.00 954.61 0.096588 32.9617 1.45941 10.2674 2.16069 0 17.2218 0.676758 1.42289 0.0108091 0 5.98227 2.45679 0.0269225 0 20.3853 4.96723
238 250.00 953.61 0.096367 32.7493 1.44345 10.1871 2.14733 0 17.0998 0.671398 1.38616 0.0105622 0 5.94082 2.44628 0.0268528 0 20.9072 4.98383
239 250.00 952.61 0.096020 32.5186 1.43041 10.1088 2.1371 0 16.9556 0.664583 1.34754 0.0102991 0 5.89523 2.43615 0.0267879 0 21.462 5.0068
240 250.00 951.61 0.096088 32.3352 1.40953 10.0221 2.1178 0 16.8745 0.661895 1.31672 0.0101064 0 5.86165 2.42377 0.0266955 0 21.9319 5.00812
241 250.00 950.61 0.095761 32.1 1.39692 9.94248 2.10763 0 16.7283 0.654928 1.2791 0.00985397 0 5.81552 2.41314 0.0266252 0 22.4956 5.02992
242 250.00 949.61 0.095446 31.863 1.38448 9.86242 2.09751 0 16.5822 0.648003 1.24216 0.00960858 0 5.769 2.40222 0.0265513 0 23.0619 5.05102
243 250.00 948.61 0.095533 31.6763 1.3644 9.7747 2.07866 0 16.4985 0.645032 1.21271 0.00942775 0 5.73619 2.38919 0.0264509 0 23.5376 5.0508
244 250.00 947.61 0.095236 31.4357 1.35239 9.69366 2.06863 0 16.3508 0.63799 1.1768 0.00919262 0 5.68925 2.37783 0.0263722 0 24.1106 5.0708
245 250.00 946.61 0.095077 31.2116 1.33799 9.61004 2.0558 0 16.2241 0.632266 1.14376 0.00898228 0 5.64705 2.36564 0.0262826 0 24.6531 5.08334
246 250.00 945.61 0.094926 30.9865 1.32381 9.52618 2.04307 0 16.0971 0.626511 1.11126 0.00877686 0 5.60482 2.35325 0.0261907 0 25.1972 5.09536
247 250.00 944.61 0.094783 30.7605 1.30985 9.44212 2.03043 0 15.9699 0.620731 1.0793 0.00857629 0 5.5626 2.34067 0.0260964 0 25.7424 5.10688
248 250.00 943.61 0.170819 51.7963 1.05976 8.56752 1.71003 0 10.4331 0.307241 0.775886 0.00418425 0 5.24658 2.13042 0.0239297 0 15.1057 2.83927
249 250.00 942.61 0.176061 52.167 1.02887 8.40973 1.67974 0 10.1194 0.294536 0.735622 0.00395402 0 5.17252 2.09993 0.0238225 0 15.5049 2.75991
250 250.00 941.61 0.176433 51.7 1.00877 8.29927 1.66442 0 10.0009 0.292137 0.705991 0.00386625 0 5.12153 2.08117 0.0238497 0 16.3393 2.75886
251 250.00 940.61 0.176672 51.2061 0.989318 8.18638 1.64956 0 9.88484 0.289844 0.676758 0.00378195 0 5.06905 2.06168 0.0238691 0 17.1994 2.7595
252 250.00 939.61 0.176780 50.6868 0.97051 8.0713 1.63514 0 9.77128 0.287655 0.647946 0.003701 0 5.0152 2.04149 0.0238802 0 18.0833 2.76182
253 250.00 938.61 0.176766 50.1442 0.952327 7.95431 1.62116 0 9.66009 0.285563 0.619578 0.00362326 0 4.9601 2.02065 0.0238829 0 18.9888 2.76573
254 250.00 937.61 0.176638 49.5804 0.934742 7.83571 1.60757 0 9.55113 0.283562 0.591673 0.00354857 0 4.90389 1.99921 0.023877 0 19.9135 2.77111
255 250.00 936.61 0.176409 48.9978 0.917726 7.7158 1.59435 0 9.44425 0.281642 0.56425 0.00347673 0 4.84671 1.97724 0.0238626 0 20.855 2.77782
256 250.00 935.61 0.176091 48.3989 0.901248 7.5949 1.58147 0 9.33929 0.279795 0.537324 0.00340758 0 4.78872 1.95481 0.0238398 0 21.8107 2.78569
257 250.00 934.61 0.175699 47.786 0.885278 7.4733 1.56888 0 9.23611 0.278011 0.510913 0.00334092 0 4.73007 1.93196 0.0238089 0 22.7778 2.79455
258 250.00 933.61 0.175245 47.1616 0.869786 7.3513 1.55656 0 9.13455 0.276282 0.485031 0.0032766 0 4.67091 1.90877 0.0237699 0 23.754 2.80423
259 250.00 932.61 0.174742 46.528 0.854745 7.22918 1.54447 0 9.03451 0.2746 0.459688 0.00321446 0 4.6114 1.8853 0.0237234 0 24.7366 2.81456
260 250.00 931.61 0.174200 45.8873 0.84013 7.10719 1.53259 0 8.93589 0.272958 0.434897 0.00315435 0 4.55168 1.86161 0.0236695 0 25.7235 2.8254
261 250.00 930.61 0.173631 45.2417 0.825915 6.98557 1.52091 0 8.83862 0.27135 0.410666 0.00309617 0 4.49187 1.83775 0.0236087 0 26.7123 2.83661
262 250.00 929.61 0.173042 44.593 0.812081 6.86454 1.50939 0 8.74263 0.269771 0.387003 0.00303979 0 4.43212 1.81379 0.0235414 0 27.701 2.84806
263 250.00 928.61 0.172443 43.943 0.798608 6.7443 1.49802 0 8.6479 0.268218 0.363913 0.00298512 0 4.37254 1.78977 0.0234679 0 28.6876 2.85963
264 250.00 927.61 0.171839 43.2932 0.785478 6.62502 1.48679 0 8.55439 0.266687 0.341399 0.00293207 0 4.31325 1.76573 0.0233887 0 29.6705 2.87124
265 250.00 926.61 0.171238 42.6451 0.772676 6.50687 1.47569 0 8.46212 0.265177 0.319465 0.00288058 0 4.25435 1.74172 0.0233041 0 30.6478 2.88279
266 250.00 925.61 0.170643 42 0.760186 6.38997 1.4647 0 8.37108 0.263685 0.29811 0.00283057 0 4.19595 1.71778 0.0232145 0 31.6183 2.8942
267 250.00 924.61 0.198436 42.7952 0.473758 6.39457 0.995735 0 12.0186 0.619993 0.178131 0.00624673 0 4.13051 1.74375 0.024067 0 28.1292 2.49026